1494
1 5 2 3 10 50 81
2 6 1 3 51 81 83 92
3 7 1 2 10 35 42 51 52
4 6 19 25 28 34 36 49
5 6 6 9 18 19 34 49
6 7 5 7 14 16 17 18 49
7 6 6 10 14 17 35 53
8 7 15 17 41 48 53 70 71
9 3 5 19 34
10 7 1 3 7 14 20 35 50
11 7 12 16 25 29 31 37 56
12 6 11 13 16 20 22 31
13 4 12 14 16 20
14 6 6 7 10 13 16 20
15 5 8 17 18 32 71
16 7 6 11 12 13 14 25 49
17 7 6 7 8 15 18 35 53
18 8 5 6 15 17 32 33 34 46
19 5 4 5 9 34 49
20 7 10 12 13 14 22 31 50
21 5 22 38 54 124 267
22 7 12 20 21 31 38 50 54
23 6 24 47 58 61 64 66
24 6 23 47 55 58 104 105
25 8 4 11 16 26 28 29 37 49
26 7 25 27 28 37 59 179 236
27 5 26 28 36 44 59
28 6 4 25 26 27 36 37
29 7 11 25 30 31 37 40 56
30 8 29 31 40 54 169 267 289 290
31 7 11 12 20 22 29 30 54
32 7 15 18 33 55 57 70 71
33 7 18 32 46 55 58 65 66
34 8 4 5 9 18 19 36 44 46
35 7 3 7 10 17 42 45 53
36 5 4 27 28 34 44
37 9 11 25 26 28 29 56 179 181 182
38 8 21 22 50 63 72 86 124 126
39 5 40 56 175 183 184
40 6 29 30 39 56 169 175
41 6 8 45 48 53 98 101
42 8 3 35 45 52 53 76 77 78
43 9 48 62 70 75 79 96 97 98 100
44 8 27 34 36 46 59 60 64 239
45 9 35 41 42 53 76 78 79 99 101
46 7 18 33 34 44 60 64 65
47 9 23 24 61 87 103 104 195 226 231
48 5 8 41 43 70 98
49 6 4 5 6 16 19 25
50 8 1 10 20 22 38 63 81 86
51 7 2 3 52 67 69 77 83
52 4 3 42 51 77
53 7 7 8 17 35 41 42 45
54 5 21 22 30 31 267
55 7 24 32 33 57 58 105 106
56 7 11 29 37 39 40 182 183
57 8 32 55 62 70 94 95 96 106
58 5 23 24 33 55 66
59 7 26 27 44 235 236 238 239
60 3 44 46 64
61 5 23 47 64 226 230
62 4 43 57 70 96
63 7 38 50 72 73 81 86 92
64 9 23 44 46 60 61 65 66 230 239
65 4 33 46 64 66
66 5 23 33 58 64 65
67 6 51 68 69 77 148 157
68 6 67 69 83 140 153 157
69 4 51 67 68 83
70 7 8 32 43 48 57 62 71
71 4 8 15 32 70
72 6 38 63 73 124 126 127
73 6 63 72 74 92 125 127
74 5 73 92 125 132 140
75 5 43 79 85 96 100
76 5 42 45 77 78 110
77 10 42 51 52 67 76 107 108 110 147 148
78 6 42 45 76 79 82 110
79 8 43 45 75 78 82 85 99 100
80 3 85 90 91
81 6 1 2 50 63 86 92
82 5 78 79 85 91 110
83 6 2 51 68 69 92 140
84 9 87 93 188 189 196 215 606 613 617
85 5 75 79 80 82 91
86 4 38 50 63 81
87 7 47 84 93 103 195 213 217
88 4 89 90 111 138
89 4 88 138 141 142
90 5 80 88 91 109 111
91 6 80 82 85 90 109 110
92 7 2 63 73 74 81 83 140
93 4 84 87 189 217
94 3 57 95 106
95 3 57 94 96
96 5 43 57 62 75 95
97 5 43 98 99 100 101
98 5 41 43 48 97 101
99 5 45 79 97 100 101
100 5 43 75 79 97 99
101 5 41 45 97 98 99
102 3 104 105 106
103 3 47 87 104
104 5 24 47 102 103 105
105 5 24 55 102 104 106
106 5 55 57 94 102 105
107 7 77 108 109 110 111 133 138
108 4 77 107 133 147
109 5 90 91 107 110 111
110 7 76 77 78 82 91 107 109
111 5 88 90 107 109 138
112 7 113 117 126 255 256 262 263
113 5 112 116 117 127 262
114 3 115 116 122
115 4 114 116 122 123
116 7 113 114 115 122 123 127 262
117 4 112 113 126 127
118 7 119 120 121 123 130 569 571
119 4 118 123 569 580
120 4 118 121 130 136
121 11 118 120 128 130 136 137 139 156 571 583 586
122 9 114 115 116 123 262 264 576 580 581
123 8 115 116 118 119 122 127 130 580
124 8 21 38 72 126 256 267 268 278
125 6 73 74 127 129 130 132
126 7 38 72 112 117 124 127 256
127 9 72 73 113 116 117 123 125 126 130
128 5 121 555 571 583 585
129 2 125 130
130 10 118 120 121 123 125 127 129 132 135 136
131 0
132 7 74 125 130 134 135 140 153
133 7 107 108 138 141 142 146 147
134 5 132 135 153 155 156
135 5 130 132 134 136 156
136 6 120 121 130 135 137 156
137 3 121 136 156
138 6 88 89 107 111 133 142
139 5 121 143 156 160 586
140 6 68 74 83 92 132 153
141 5 89 133 142 146 150
142 4 89 133 138 141
143 8 139 145 151 160 536 538 555 586
144 2 145 538
145 3 143 144 538
146 6 133 141 147 150 157 158
147 6 77 108 133 146 148 157
148 4 67 77 147 157
149 4 152 154 155 160
150 5 141 146 151 158 159
151 5 143 150 152 159 160
152 6 149 151 154 158 159 160
153 6 68 132 134 140 155 157
154 7 149 152 155 156 157 158 160
155 7 134 149 153 154 156 157 160
156 9 121 134 135 136 137 139 154 155 160
157 9 67 68 146 147 148 153 154 155 158
158 6 146 150 152 154 157 159
159 4 150 151 152 158
160 8 139 143 149 151 152 154 155 156
161 3 173 174 177
162 8 163 166 168 177 245 254 255 282
163 4 162 177 280 282
164 3 166 244 245
165 6 167 171 173 184 186 187
166 4 162 164 245 255
167 3 165 186 187
168 2 162 177
169 6 30 40 175 176 178 289
170 3 171 204 210
171 8 165 170 187 204 210 222 722 738
172 4 173 174 175 176
173 6 161 165 172 174 175 184
174 5 161 172 173 176 177
175 7 39 40 169 172 173 176 184
176 6 169 172 174 175 177 178
177 8 161 162 163 168 174 176 178 280
178 5 169 176 177 280 289
179 8 26 37 180 181 185 232 233 236
180 3 179 181 185
181 7 37 179 180 182 183 184 185
182 5 37 56 181 183 184
183 5 39 56 181 182 184
184 9 39 165 173 175 181 182 183 185 186
185 7 179 180 181 184 186 187 232
186 5 165 167 184 185 187
187 6 165 167 171 185 186 232
188 5 84 189 215 216 219
189 5 84 93 188 217 218
190 4 191 192 193 218
191 5 190 192 193 194 619
192 6 190 191 194 198 202 218
193 3 190 191 218
194 7 191 192 198 200 206 220 619
195 6 47 87 202 213 228 231
196 4 84 214 215 606
197 7 204 206 208 209 212 220 222
198 5 192 194 199 200 202
199 6 198 200 202 205 206 228
200 4 194 198 199 206
201 5 203 204 207 210 225
202 7 192 195 198 199 213 218 228
203 3 201 204 207
204 9 170 171 197 201 203 206 207 210 222
205 5 199 206 207 225 228
206 8 194 197 199 200 204 205 207 220
207 6 201 203 204 205 206 225
208 5 197 209 211 212 223
209 4 197 208 222 223
210 8 170 171 201 204 225 234 235 240
211 4 208 212 221 223
212 5 197 208 211 220 221
213 5 87 195 202 217 218
214 5 196 215 216 606 609
215 5 84 188 196 214 216
216 6 188 214 215 219 609 620
217 5 87 93 189 213 218
218 7 189 190 192 193 202 213 217
219 2 188 216
220 6 194 197 206 212 221 619
221 5 211 212 220 616 657
222 6 171 197 204 209 223 722
223 7 208 209 211 222 722 730 739
224 7 226 227 229 230 240 241 242
225 7 201 205 207 210 227 228 240
226 7 47 61 224 228 229 230 231
227 5 224 225 228 229 240
228 9 195 199 202 205 225 226 227 229 231
229 5 224 226 227 228 230
230 7 61 64 224 226 229 239 242
231 4 47 195 226 228
232 5 179 185 187 233 234
233 4 179 232 234 236
234 5 210 232 233 235 236
235 8 59 210 234 236 237 238 240 241
236 6 26 59 179 233 234 235
237 4 235 238 241 242
238 5 59 235 237 239 242
239 6 44 59 64 230 238 242
240 6 210 224 225 227 235 241
241 5 224 235 237 240 242
242 6 224 230 237 238 239 241
243 4 253 257 258 283
244 10 164 245 250 259 260 265 269 472 738 741
245 8 162 164 166 244 250 255 263 286
246 4 247 248 271 596
247 7 246 248 274 275 577 596 600
248 7 246 247 270 271 272 275 596
249 6 265 269 272 276 283 284
250 7 244 245 251 252 259 286 287
251 3 250 252 287
252 7 250 251 259 277 279 285 287
253 6 243 258 273 283 284 441
254 5 162 255 256 278 282
255 7 112 162 166 245 254 256 263
256 6 112 124 126 254 255 278
257 2 243 258
258 7 243 253 257 441 442 454 478
259 5 244 250 252 260 279
260 4 244 259 265 279
261 6 262 263 264 286 287 288
262 7 112 113 116 122 261 263 264
263 6 112 245 255 261 262 286
264 7 122 261 262 274 285 288 576
265 7 244 249 260 269 276 277 279
266 6 270 443 485 489 587 596
267 7 21 30 54 124 268 289 290
268 6 124 267 278 281 289 290
269 4 244 249 265 283
270 6 248 266 271 273 443 596
271 7 246 248 270 272 273 284 596
272 6 248 249 271 275 276 284
273 6 253 270 271 284 441 443
274 7 247 264 275 277 285 576 577
275 6 247 248 272 274 276 277
276 5 249 265 272 275 277
277 7 252 265 274 275 276 279 285
278 6 124 254 256 268 281 282
279 5 252 259 260 265 277
280 6 163 177 178 281 282 289
281 5 268 278 280 282 289
282 6 162 163 254 278 280 281
283 5 243 249 253 269 284
284 6 249 253 271 272 273 283
285 6 252 264 274 277 287 288
286 5 245 250 261 263 287
287 7 250 251 252 261 285 286 288
288 4 261 264 285 287
289 8 30 169 178 267 268 280 281 290
290 4 30 267 268 289
291 6 300 302 304 321 323 332
292 6 295 297 298 308 311 382
293 2 294 309
294 3 293 309 310
295 4 292 296 297 308
296 3 295 297 383
297 6 292 295 296 298 299 383
298 3 292 297 299
299 3 297 298 383
300 3 291 302 330
301 2 304 310
302 3 291 300 309
303 2 369 383
304 4 291 301 312 321
305 7 306 307 311 312 321 322 366
306 5 305 322 366 370 371
307 5 305 311 357 365 366
308 5 292 295 364 365 382
309 3 293 294 302
310 2 294 301
311 6 292 305 307 312 365 382
312 4 304 305 311 321
313 4 326 328 335 350
314 6 351 392 404 411 417 418
315 2 324 345
316 5 317 318 319 324 333
317 7 316 318 319 324 329 346 347
318 7 316 317 319 333 334 346 347
319 4 316 317 318 324
320 6 331 341 345 352 372 380
321 6 291 304 305 312 322 323
322 6 305 306 321 323 344 370
323 5 291 321 322 332 344
324 8 315 316 317 319 329 341 345 352
325 7 326 327 329 339 340 377 378
326 8 313 325 327 328 329 342 348 350
327 4 325 326 340 348
328 9 313 326 335 336 337 348 503 514 516
329 8 317 324 325 326 341 342 346 377
330 3 300 343 351
331 4 320 361 372 373
332 5 291 323 339 340 344
333 5 316 318 334 335 336
334 6 318 333 335 347 349 350
335 6 313 328 333 334 336 350
336 3 328 333 335
337 4 328 338 348 516
338 3 337 343 348
339 5 325 332 340 378 381
340 6 325 327 332 339 343 348
341 7 320 324 329 345 352 377 380
342 6 326 329 346 347 349 350
343 5 330 338 340 348 351
344 4 322 323 332 370
345 6 315 320 324 341 352 380
346 6 317 318 329 342 347 349
347 6 317 318 334 342 346 349
348 7 326 327 328 337 338 340 343
349 5 334 342 346 347 350
350 6 313 326 334 335 342 349
351 5 314 330 343 492 493
352 4 320 324 341 345
353 6 354 355 356 358 362 364
354 5 353 356 357 364 365
355 5 353 356 360 362 367
356 5 353 354 355 357 367
357 6 307 354 356 365 366 367
358 3 353 359 362
359 3 358 361 362
360 8 355 362 363 366 367 371 374 375
361 5 331 359 362 368 373
362 8 353 355 358 359 360 361 363 368
363 5 360 362 368 373 374
364 4 308 353 354 365
365 7 307 308 311 354 357 364 382
366 7 305 306 307 357 360 367 371
367 6 355 356 357 360 366 371
368 4 361 362 363 373
369 1 303
370 5 306 322 344 371 375
371 6 306 360 366 367 370 375
372 5 320 331 373 376 380
373 9 331 361 363 368 372 374 375 376 381
374 4 360 363 373 375
375 6 360 370 371 373 374 381
376 5 372 373 379 380 381
377 6 325 329 341 378 379 380
378 5 325 339 377 379 381
379 5 376 377 378 380 381
380 7 320 341 345 372 376 377 379
381 6 339 373 375 376 378 379
382 4 292 308 311 365
383 5 296 297 299 303 384
384 1 383
385 3 386 397 406
386 5 385 388 397 399 406
387 3 388 406 412
388 7 386 387 399 406 412 415 419
389 6 390 393 408 422 474 498
390 5 389 435 461 474 501
391 1 400
392 8 314 395 403 404 409 418 421 423
393 2 389 422
394 4 401 402 403 411
395 3 392 409 418
396 5 399 413 414 415 419
397 5 385 386 399 406 417
398 4 399 410 413 422
399 8 386 388 396 397 398 410 413 419
400 1 391
401 6 394 402 403 404 411 416
402 3 394 401 403
403 6 392 394 401 402 404 423
404 6 314 392 401 403 411 416
405 3 420 424 425
406 6 385 386 387 388 397 417
407 1 417
408 4 389 422 424 427
409 5 392 395 417 418 423
410 4 398 399 413 422
411 4 314 394 401 404
412 4 387 388 414 415
413 6 396 398 399 410 414 422
414 4 396 412 413 415
415 5 388 396 412 414 419
416 2 401 404
417 6 314 397 406 407 409 418
418 5 314 392 395 409 417
419 4 388 396 399 415
420 1 405
421 1 392
422 6 389 393 398 408 410 413
423 3 392 403 409
424 3 405 408 425
425 3 405 424 453
426 7 446 459 469 470 732 735 746
427 4 408 432 444 455
428 3 429 453 471
429 4 428 448 453 471
430 5 440 446 450 457 473
431 2 438 487
432 3 427 433 467
433 1 432
434 5 438 441 443 463 489
435 3 390 461 474
436 2 451 466
437 1 439
438 12 431 434 452 461 463 479 480 482 487 489 501 502
439 4 437 468 476 478
440 3 430 457 473
441 7 253 258 273 434 442 443 463
442 5 258 441 463 464 478
443 6 266 270 273 434 441 489
444 3 427 455 474
445 1 466
446 4 426 430 450 458
447 3 448 459 469
448 4 429 447 469 471
449 5 455 462 476 479 480
450 2 430 446
451 3 436 465 468
452 4 438 461 462 479
453 3 425 428 429
454 3 258 459 478
455 5 427 444 449 462 474
456 0
457 3 430 440 473
458 2 446 470
459 8 426 447 454 460 469 472 478 735
460 3 459 472 735
461 7 390 435 438 452 462 474 501
462 6 449 452 455 461 474 479
463 8 434 438 441 442 464 478 480 481
464 4 442 463 478 481
465 3 451 468 476
466 2 436 445
467 1 432
468 4 439 451 465 476
469 6 426 447 448 459 470 471
470 4 426 458 469 471
471 5 428 429 448 469 470
472 3 244 459 460
473 3 430 440 457
474 7 389 390 435 444 455 461 462
475 2 479 480
476 7 439 449 465 468 477 478 480
477 4 476 478 480 481
478 10 258 439 442 454 459 463 464 476 477 481
479 6 438 449 452 462 475 480
480 8 438 449 463 475 476 477 479 481
481 5 463 464 477 478 480
482 5 438 484 486 487 489
483 5 484 485 506 595 597
484 7 482 483 485 486 488 489 506
485 6 266 483 484 489 587 595
486 4 482 484 487 488
487 7 431 438 482 486 488 500 502
488 5 484 486 487 500 506
489 7 266 434 438 443 482 484 485
490 5 491 503 506 517 599
491 5 490 506 510 513 517
492 4 351 493 495 516
493 3 351 492 495
494 6 495 496 508 509 516 518
495 5 492 493 494 509 516
496 6 494 497 505 508 511 518
497 3 496 505 511
498 1 389
499 3 500 501 507
500 5 487 488 499 501 502
501 10 390 438 461 499 500 502 505 507 508 509
502 4 438 487 500 501
503 7 328 490 504 510 514 515 517
504 4 503 510 515 518
505 6 496 497 501 507 508 511
506 11 483 484 488 490 491 507 511 512 513 597 599
507 5 499 501 505 506 511
508 5 494 496 501 505 509
509 4 494 495 501 508
510 8 491 503 504 511 512 513 517 518
511 8 496 497 505 506 507 510 512 518
512 4 506 510 511 513
513 4 491 506 510 512
514 4 328 503 515 516
515 5 503 504 514 516 518
516 8 328 337 492 494 495 514 515 518
517 4 490 491 503 510
518 7 494 496 504 510 511 515 516
519 6 521 522 528 551 568 593
520 6 524 526 527 539 543 544
521 5 519 522 525 527 528
522 7 519 521 525 528 563 567 568
523 5 527 528 534 551 554
524 6 520 525 526 527 544 565
525 7 521 522 524 527 531 563 565
526 3 520 524 544
527 8 520 521 523 524 525 528 534 540
528 6 519 521 522 523 527 551
529 4 533 548 549 550
530 4 543 544 545 546
531 7 525 532 535 544 562 565 566
532 4 531 535 544 547
533 4 529 539 550 552
534 6 523 527 540 554 557 558
535 6 531 532 536 537 547 566
536 7 143 535 537 538 541 555 566
537 3 535 536 538
538 5 143 144 145 536 537
539 5 520 533 542 543 552
540 5 527 534 542 552 557
541 2 536 555
542 3 539 540 552
543 4 520 530 539 544
544 11 520 524 526 530 531 532 543 545 546 547 565
545 4 530 544 546 547
546 4 530 544 545 547
547 5 532 535 544 545 546
548 2 529 549
549 3 529 548 550
550 8 529 533 549 552 554 557 558 559
551 9 519 523 528 553 554 593 597 598 599
552 7 533 539 540 542 550 557 558
553 4 551 554 556 599
554 8 523 534 550 551 553 556 558 559
555 9 128 143 536 541 566 583 584 585 586
556 4 553 554 558 559
557 5 534 540 550 552 558
558 7 534 550 552 554 556 557 559
559 4 550 554 556 558
560 5 561 563 564 565 567
561 5 560 562 564 565 584
562 5 531 561 565 566 584
563 10 522 525 560 564 565 567 568 590 592 593
564 5 560 561 563 584 592
565 8 524 525 531 544 560 561 562 563
566 6 531 535 536 555 562 584
567 6 522 560 563 568 590 593
568 5 519 522 563 567 593
569 8 118 119 570 571 572 578 579 580
570 6 569 571 572 573 582 592
571 7 118 121 128 569 570 582 583
572 4 569 570 573 578
573 8 570 572 574 578 589 591 592 594
574 7 573 575 589 591 594 600 601
575 2 574 601
576 6 122 264 274 577 581 594
577 5 247 274 576 594 600
578 6 569 572 573 579 581 594
579 4 569 578 580 581
580 6 119 122 123 569 579 581
581 6 122 576 578 579 580 594
582 6 570 571 583 584 585 592
583 7 121 128 555 571 582 585 586
584 8 555 561 562 564 566 582 585 592
585 5 128 555 582 583 584
586 5 121 139 143 555 583
587 4 266 485 595 596
588 2 591 593
589 3 573 574 591
590 5 563 567 591 592 593
591 7 573 574 588 589 590 592 593
592 8 563 564 570 573 582 584 590 591
593 8 519 551 563 567 568 588 590 591
594 7 573 574 576 577 578 581 600
595 6 483 485 587 596 597 598
596 10 246 247 248 266 270 271 587 595 598 601
597 6 483 506 551 595 598 599
598 4 551 595 596 597
599 5 490 506 551 553 597
600 5 247 574 577 594 601
601 4 574 575 596 600
602 7 603 604 607 610 611 615 618
603 3 602 604 615
604 4 602 603 615 618
605 5 606 612 613 615 621
606 7 84 196 214 605 609 613 621
607 3 602 611 625
608 5 609 616 618 621 657
609 6 214 216 606 608 620 621
610 2 602 611
611 5 602 607 610 618 657
612 4 605 613 614 615
613 6 84 605 606 612 614 617
614 4 612 613 615 617
615 8 602 603 604 605 612 614 618 621
616 3 221 608 657
617 3 84 613 614
618 7 602 604 608 611 615 621 657
619 4 191 194 220 620
620 3 216 609 619
621 6 605 606 608 609 615 618
622 3 623 624 626
623 4 622 624 625 626
624 8 622 623 625 626 627 628 629 716
625 3 607 623 624
626 4 622 623 624 627
627 3 624 626 628
628 3 624 627 629
629 6 624 628 696 702 716 718
630 4 637 640 658 673
631 2 645 653
632 2 683 744
633 1 636
634 3 649 674 726
635 3 662 673 689
636 7 633 646 710 751 763 822 1045
637 5 630 645 658 669 670
638 5 639 640 656 661 673
639 4 638 640 659 667
640 7 630 638 639 658 667 673 760
641 9 643 652 654 663 665 668 670 676 678
642 2 644 657
643 2 641 678
644 2 642 657
645 9 631 637 651 653 664 670 672 677 767
646 3 636 664 763
647 1 678
648 3 649 674 675
649 4 634 648 674 675
650 1 683
651 7 645 653 752 767 783 786 805
652 4 641 668 676 776
653 6 631 645 651 664 763 783
654 3 641 665 670
655 1 673
656 3 638 673 684
657 9 221 608 611 616 618 642 644 666 686
658 6 630 637 640 659 667 669
659 8 639 658 660 663 665 667 669 670
660 1 659
661 1 638
662 4 635 673 684 689
663 5 641 659 665 668 729
664 3 645 646 653
665 5 641 654 659 663 670
666 1 657
667 4 639 640 658 659
668 4 641 652 663 729
669 4 637 658 659 670
670 9 637 641 645 654 659 665 669 672 678
671 0
672 4 645 670 677 678
673 8 630 635 638 640 655 656 662 684
674 5 634 648 649 726 729
675 2 648 649
676 4 641 652 678 776
677 6 645 672 678 757 759 767
678 9 641 643 647 670 672 676 677 757 776
679 4 680 681 684 685
680 5 679 681 683 685 688
681 5 679 680 682 683 684
682 3 681 683 684
683 6 632 650 680 681 682 688
684 9 656 662 673 679 681 682 685 687 689
685 6 679 680 684 686 687 688
686 5 657 685 687 688 689
687 4 684 685 686 689
688 4 680 683 685 686
689 5 635 662 684 686 687
690 4 692 693 709 712
691 2 692 705
692 5 690 691 705 709 712
693 7 690 700 706 707 709 712 713
694 5 698 699 705 712 719
695 3 708 710 823
696 5 629 702 703 704 718
697 4 698 708 711 719
698 4 694 697 705 719
699 5 694 708 712 717 719
700 3 693 707 709
701 4 706 707 714 715
702 4 629 696 703 714
703 6 696 702 704 713 714 718
704 5 696 703 713 716 718
705 5 691 692 694 698 712
706 5 693 701 707 713 715
707 4 693 700 701 706
708 7 695 697 699 710 711 717 719
709 4 690 692 693 700
710 4 636 695 708 717
711 3 697 708 815
712 7 690 692 693 694 699 705 717
713 6 693 703 704 706 714 715
714 5 701 702 703 713 715
715 4 701 706 713 714
716 4 624 629 704 718
717 4 699 708 710 712
718 5 629 696 703 704 716
719 5 694 697 698 699 708
720 3 721 743 744
721 1 720
722 5 171 222 223 738 739
723 2 724 728
724 2 723 737
725 1 727
726 3 634 674 744
727 1 725
728 1 723
729 4 663 668 674 742
730 3 223 733 739
731 5 732 733 738 739 743
732 5 426 731 738 740 746
733 4 730 731 739 743
734 5 735 738 740 741 746
735 6 426 459 460 734 741 746
736 0
737 1 724
738 9 171 244 722 731 732 734 739 740 741
739 6 223 722 730 731 733 738
740 4 732 734 738 746
741 4 244 734 735 738
742 1 729
743 3 720 731 733
744 3 632 720 726
745 0
746 5 426 732 734 735 740
747 3 774 781 1148
748 5 760 765 773 779 789
749 0
750 2 766 804
751 4 636 763 772 785
752 5 651 780 783 798 805
753 8 761 762 770 771 781 1131 1144 1150
754 5 755 760 799 801 807
755 5 754 799 801 806 807
756 5 765 769 773 774 781
757 4 677 678 759 776
758 5 764 777 784 786 805
759 7 677 757 767 775 776 782 788
760 10 640 748 754 765 779 784 789 801 807 809
761 6 753 762 768 787 1131 1150
762 6 753 761 768 770 772 1045
763 5 636 646 653 751 783
764 3 758 786 805
765 6 748 756 760 769 773 809
766 7 750 770 772 785 790 798 804
767 8 645 651 677 759 777 782 786 791
768 5 761 762 1136 1161 1171
769 9 756 765 770 771 781 800 801 803 809
770 8 753 762 766 769 771 772 803 804
771 4 753 769 770 781
772 5 751 762 766 770 790
773 4 748 756 765 774
774 4 747 756 773 781
775 4 759 776 782 792
776 7 652 676 678 757 759 775 792
777 5 758 767 782 784 786
778 4 796 799 800 801
779 3 748 760 789
780 2 752 798
781 9 747 753 756 769 771 774 1123 1144 1148
782 6 759 767 775 777 784 792
783 6 651 653 752 763 785 798
784 8 758 760 777 782 789 792 805 807
785 4 751 766 783 790
786 6 651 758 764 767 777 805
787 1 761
788 1 759
789 4 748 760 779 784
790 3 766 772 785
791 1 767
792 4 775 776 782 784
793 5 794 795 798 802 808
794 5 793 795 802 805 807
795 6 793 794 796 806 807 808
796 7 778 795 797 799 800 806 808
797 4 796 800 803 808
798 10 752 766 780 783 793 802 803 804 805 808
799 6 754 755 778 796 801 806
800 6 769 778 796 797 801 803
801 8 754 755 760 769 778 799 800 809
802 4 793 794 798 805
803 7 769 770 797 798 800 804 808
804 5 750 766 770 798 803
805 10 651 752 758 764 784 786 794 798 802 807
806 5 755 795 796 799 807
807 8 754 755 760 784 794 795 805 806
808 6 793 795 796 797 798 803
809 4 760 765 769 801
810 4 811 812 813 814
811 3 810 812 814
812 4 810 811 813 814
813 7 810 812 814 1028 1033 1046 1058
814 15 810 811 812 813 818 819 820 824 825 829 830 831 1033 1038 1046
815 4 711 817 818 821
816 2 817 827
817 5 815 816 818 825 827
818 6 814 815 817 821 825 830
819 4 814 820 1038 1045
820 4 814 819 830 1045
821 4 815 818 822 830
822 6 636 821 823 828 830 1045
823 2 695 822
824 3 814 829 1033
825 6 814 817 818 826 827 829
826 2 825 827
827 4 816 817 825 826
828 1 822
829 3 814 824 825
830 6 814 818 820 821 822 1045
831 1 814
832 6 853 855 857 894 895 896
833 4 835 858 880 886
834 4 844 893 894 895
835 6 833 836 858 871 884 886
836 4 835 850 858 884
837 3 845 846 853
838 4 851 853 1030 1041
839 7 840 843 847 890 892 1034 1041
840 4 839 847 861 1034
841 8 842 843 853 854 888 889 890 891
842 5 841 843 852 853 854
843 7 839 841 842 853 890 891 1041
844 2 834 856
845 3 837 846 850
846 2 837 845
847 7 839 840 848 849 860 861 892
848 3 847 849 860
849 8 847 848 859 860 862 889 892 1026
850 4 836 845 856 858
851 2 838 1030
852 3 842 853 854
853 11 832 837 838 841 842 843 852 854 857 894 1041
854 5 841 842 852 853 857
855 3 832 857 896
856 3 844 850 858
857 4 832 853 854 855
858 5 833 835 836 850 856
859 5 849 860 862 1049 1050
860 6 847 848 849 859 861 1049
861 5 840 847 860 1034 1049
862 4 849 859 1026 1050
863 6 864 867 868 872 873 875
864 6 863 865 866 867 869 872
865 4 864 866 867 870
866 5 864 865 869 880 887
867 6 863 864 865 868 870 885
868 5 863 867 873 879 885
869 7 864 866 871 872 880 883 886
870 3 865 867 885
871 6 835 869 881 883 884 886
872 5 863 864 869 875 883
873 5 863 868 875 876 879
874 5 877 878 881 883 884
875 7 863 872 873 876 877 878 883
876 4 873 875 877 879
877 4 874 875 876 878
878 4 874 875 877 883
879 3 868 873 876
880 5 833 866 869 886 887
881 4 871 874 883 884
882 0
883 7 869 871 872 874 875 878 881
884 5 835 836 871 874 881
885 3 867 868 870
886 5 833 835 869 871 880
887 2 866 880
888 5 841 889 890 891 892
889 4 841 849 888 892
890 6 839 841 843 888 891 892
891 5 841 843 888 890 892
892 7 839 847 849 888 889 890 891
893 4 834 894 895 896
894 5 832 834 853 893 895
895 5 832 834 893 894 896
896 4 832 855 893 895
897 5 898 971 975 976 984
898 2 897 984
899 5 922 941 942 962 964
900 4 907 908 1091 1122
901 6 910 917 918 936 957 961
902 8 917 918 934 940 958 966 967 969
903 2 909 952
904 4 920 944 947 950
905 2 922 964
906 0
907 8 900 908 910 920 933 936 944 1091
908 5 900 907 936 1122 1182
909 5 903 952 1185 1206 1217
910 7 901 907 914 918 936 961 969
911 6 912 913 914 915 968 969
912 3 911 913 914
913 5 911 912 915 938 947
914 5 910 911 912 947 969
915 5 911 913 934 938 968
916 3 951 963 964
917 5 901 902 918 957 958
918 5 901 902 910 917 969
919 6 989 990 991 995 996 997
920 3 904 907 944
921 5 922 923 959 1323 1324
922 9 899 905 921 941 942 959 962 964 1324
923 3 921 959 1323
924 6 925 926 937 939 943 960
925 6 924 926 943 1026 1042 1081
926 3 924 925 1042
927 7 928 929 930 931 937 954 956
928 3 927 929 937
929 5 927 928 930 937 960
930 6 927 929 939 953 956 960
931 6 927 937 953 954 974 983
932 3 938 946 951
933 2 907 944
934 7 902 915 938 940 945 966 968
935 9 936 948 961 1043 1122 1161 1163 1173 1182
936 11 901 907 908 910 935 948 949 957 961 1173 1182
937 10 924 927 928 929 931 949 958 960 961 983
938 5 913 915 932 934 951
939 4 924 930 943 960
940 4 902 934 945 980
941 10 899 922 942 952 970 1202 1210 1227 1324 1329
942 4 899 922 941 1227
943 3 924 925 939
944 5 904 907 920 933 950
945 4 934 940 980 988
946 3 932 995 998
947 4 904 913 914 950
948 3 935 936 961
949 5 936 937 957 958 961
950 10 904 944 947 959 1097 1268 1273 1291 1323 1325
951 3 916 932 938
952 6 903 909 941 1185 1188 1210
953 8 930 931 954 955 956 973 974 984
954 5 927 931 953 955 956
955 3 953 954 956
956 5 927 930 953 954 955
957 5 901 917 936 949 958
958 5 902 917 937 949 957
959 5 921 922 923 950 1323
960 5 924 929 930 937 939
961 7 901 910 935 936 937 948 949
962 4 899 922 963 964
963 3 916 962 964
964 6 899 905 916 922 962 963
965 0
966 4 902 934 967 968
967 4 902 966 968 969
968 6 911 915 934 966 967 969
969 7 902 910 911 914 918 967 968
970 1 941
971 6 897 972 974 975 983 984
972 5 971 975 979 980 983
973 3 953 974 984
974 6 931 953 971 973 983 984
975 6 897 971 972 976 979 981
976 4 897 975 977 981
977 6 976 978 981 985 986 993
978 6 977 980 981 982 986 988
979 4 972 975 980 981
980 9 940 945 972 978 979 981 982 983 988
981 6 975 976 977 978 979 980
982 3 978 980 988
983 6 931 937 971 972 974 980
984 6 897 898 953 971 973 974
985 5 977 986 989 990 993
986 7 977 978 985 987 988 990 992
987 3 986 988 992
988 7 945 978 980 982 986 987 991
989 5 919 985 990 993 996
990 6 919 985 986 989 991 992
991 5 919 988 990 992 995
992 4 986 987 990 991
993 4 977 985 989 996
994 2 996 998
995 5 919 946 991 997 998
996 6 919 989 993 994 997 998
997 4 919 995 996 998
998 5 946 994 995 996 997
999 7 1000 1001 1003 1011 1020 1021 1022
1000 4 999 1006 1015 1021
1001 7 999 1003 1006 1011 1012 1020 1021
1002 3 1003 1012 1023
1003 5 999 1001 1002 1011 1012
1004 5 1007 1016 1185 1187 1226
1005 1 1024
1006 6 1000 1001 1012 1020 1021 1025
1007 5 1004 1016 1017 1187 1226
1008 1 1010
1009 2 1019 1024
1010 1 1008
1011 5 999 1001 1003 1012 1022
1012 6 1001 1002 1003 1006 1011 1023
1013 4 1014 1015 1017 1018
1014 3 1013 1015 1017
1015 3 1000 1013 1014
1016 5 1004 1007 1017 1018 1185
1017 8 1007 1013 1014 1016 1018 1019 1024 1226
1018 5 1013 1016 1017 1185 1227
1019 2 1009 1017
1020 4 999 1001 1006 1021
1021 5 999 1000 1001 1006 1020
1022 2 999 1011
1023 2 1002 1012
1024 3 1005 1009 1017
1025 1 1006
1026 5 849 862 925 1050 1081
1027 4 1032 1041 1057 1058
1028 3 813 1046 1058
1029 4 1030 1035 1041 1051
1030 5 838 851 1029 1041 1051
1031 8 1040 1056 1064 1071 1072 1073 1075 1077
1032 3 1027 1052 1057
1033 5 813 814 824 1044 1058
1034 7 839 840 861 1041 1049 1056 1076
1035 5 1029 1041 1051 1053 1055
1036 1 1058
1037 5 1038 1043 1046 1047 1058
1038 7 814 819 1037 1043 1045 1046 1161
1039 3 1040 1041 1056
1040 8 1031 1039 1041 1056 1065 1067 1071 1077
1041 18 838 839 843 853 1027 1029 1030 1034 1035 1039 1040 1043 1054 1055 1056 1057 1058 1067
1042 5 925 926 1078 1079 1081
1043 12 935 1037 1038 1041 1047 1058 1066 1067 1082 1084 1085 1161
1044 2 1033 1058
1045 7 636 762 819 820 822 830 1038
1046 6 813 814 1028 1037 1038 1058
1047 2 1037 1043
1048 6 1049 1050 1059 1064 1073 1075
1049 8 859 860 861 1034 1048 1050 1064 1076
1050 8 859 862 1026 1048 1049 1059 1078 1081
1051 7 1029 1030 1035 1052 1053 1054 1055
1052 4 1032 1051 1054 1057
1053 2 1035 1051
1054 5 1041 1051 1052 1055 1057
1055 4 1035 1041 1051 1054
1056 7 1031 1034 1039 1040 1041 1076 1077
1057 5 1027 1032 1041 1052 1054
1058 10 813 1027 1028 1033 1036 1037 1041 1043 1044 1046
1059 7 1048 1050 1061 1062 1072 1073 1078
1060 7 1061 1068 1069 1070 1072 1083 1084
1061 9 1059 1060 1062 1063 1068 1069 1072 1078 1080
1062 2 1059 1061
1063 4 1061 1069 1074 1080
1064 6 1031 1048 1049 1075 1076 1077
1065 6 1040 1067 1070 1071 1072 1083
1066 5 1043 1067 1070 1084 1085
1067 6 1040 1041 1043 1065 1066 1070
1068 6 1060 1061 1069 1082 1084 1086
1069 6 1060 1061 1063 1068 1074 1086
1070 6 1060 1065 1066 1067 1083 1084
1071 4 1031 1040 1065 1072
1072 9 1031 1059 1060 1061 1065 1071 1073 1075 1083
1073 5 1031 1048 1059 1072 1075
1074 6 1063 1069 1079 1080 1082 1086
1075 5 1031 1048 1064 1072 1073
1076 5 1034 1049 1056 1064 1077
1077 5 1031 1040 1056 1064 1076
1078 7 1042 1050 1059 1061 1079 1080 1081
1079 4 1042 1074 1078 1080
1080 5 1061 1063 1074 1078 1079
1081 5 925 1026 1042 1050 1078
1082 5 1043 1068 1074 1084 1086
1083 4 1060 1065 1070 1072
1084 7 1043 1060 1066 1068 1070 1082 1085
1085 3 1043 1066 1084
1086 4 1068 1069 1074 1082
1087 3 1088 1089 1090
1088 5 1087 1089 1090 1091 1097
1089 7 1087 1088 1090 1092 1094 1095 1097
1090 7 1087 1088 1089 1091 1094 1095 1096
1091 10 900 907 1088 1090 1096 1097 1105 1122 1143 1146
1092 4 1089 1093 1094 1097
1093 4 1092 1094 1097 1110
1094 7 1089 1090 1092 1093 1095 1109 1110
1095 6 1089 1090 1094 1096 1107 1109
1096 7 1090 1091 1095 1104 1107 1134 1146
1097 8 950 1088 1089 1091 1092 1093 1110 1291
1098 6 1102 1108 1109 1110 1119 1284
1099 9 1103 1104 1113 1114 1115 1116 1125 1140 1169
1100 2 1113 1114
1101 1 1116
1102 7 1098 1107 1108 1109 1116 1284 1290
1103 4 1099 1104 1140 1162
1104 7 1096 1099 1103 1107 1116 1134 1162
1105 3 1091 1143 1146
1106 4 1111 1117 1292 1306
1107 6 1095 1096 1102 1104 1109 1116
1108 3 1098 1102 1109
1109 7 1094 1095 1098 1102 1107 1108 1110
1110 9 1093 1094 1097 1098 1109 1119 1284 1291 1322
1111 8 1106 1112 1114 1116 1117 1118 1292 1306
1112 2 1111 1114
1113 5 1099 1100 1114 1115 1125
1114 6 1099 1100 1111 1112 1113 1116
1115 4 1099 1113 1125 1169
1116 9 1099 1101 1102 1104 1107 1111 1114 1290 1292
1117 5 1106 1111 1118 1306 1307
1118 2 1111 1117
1119 2 1098 1110
1120 4 1145 1150 1153 1180
1121 7 1127 1129 1130 1145 1168 1175 1180
1122 11 900 908 935 1091 1143 1147 1160 1172 1173 1178 1182
1123 3 781 1144 1148
1124 7 1128 1139 1141 1155 1160 1175 1176
1125 5 1099 1113 1115 1169 1177
1126 6 1132 1135 1142 1148 1151 1168
1127 3 1121 1145 1180
1128 6 1124 1138 1160 1161 1163 1175
1129 4 1121 1138 1145 1175
1130 7 1121 1137 1139 1142 1168 1175 1176
1131 3 753 761 1150
1132 3 1126 1148 1181
1133 1 1159
1134 7 1096 1104 1146 1158 1162 1165 1166
1135 5 1126 1140 1169 1174 1181
1136 2 768 1161
1137 4 1130 1139 1142 1179
1138 6 1128 1129 1145 1161 1171 1175
1139 8 1124 1130 1137 1141 1155 1159 1176 1179
1140 6 1099 1103 1135 1142 1162 1169
1141 4 1124 1139 1175 1176
1142 7 1126 1130 1137 1140 1162 1168 1179
1143 5 1091 1105 1122 1146 1147
1144 6 753 781 1123 1149 1150 1164
1145 7 1120 1121 1127 1129 1138 1171 1180
1146 7 1091 1096 1105 1134 1143 1147 1165
1147 5 1122 1143 1146 1160 1165
1148 7 747 781 1123 1126 1132 1151 1168
1149 4 1144 1150 1153 1164
1150 7 753 761 1120 1131 1144 1149 1153
1151 2 1126 1148
1152 1 1177
1153 5 1120 1149 1150 1168 1180
1154 6 1155 1156 1157 1158 1160 1167
1155 6 1124 1139 1154 1156 1159 1160
1156 4 1154 1155 1157 1159
1157 4 1154 1156 1158 1159
1158 7 1134 1154 1157 1159 1165 1166 1167
1159 9 1133 1139 1155 1156 1157 1158 1162 1166 1179
1160 10 1122 1124 1128 1147 1154 1155 1163 1165 1167 1178
1161 9 768 935 1038 1043 1128 1136 1138 1163 1171
1162 8 1103 1104 1134 1140 1142 1159 1166 1179
1163 5 935 1128 1160 1161 1178
1164 2 1144 1149
1165 6 1134 1146 1147 1158 1160 1167
1166 4 1134 1158 1159 1162
1167 4 1154 1158 1160 1165
1168 7 1121 1126 1130 1142 1148 1153 1180
1169 8 1099 1115 1125 1135 1140 1170 1174 1177
1170 3 1169 1174 1177
1171 4 768 1138 1145 1161
1172 2 1122 1173
1173 5 935 936 1122 1172 1182
1174 4 1135 1169 1170 1177
1175 8 1121 1124 1128 1129 1130 1138 1141 1176
1176 5 1124 1130 1139 1141 1175
1177 5 1125 1152 1169 1170 1174
1178 3 1122 1160 1163
1179 5 1137 1139 1142 1159 1162
1180 6 1120 1121 1127 1145 1153 1168
1181 2 1132 1135
1182 5 908 935 936 1122 1173
1183 6 1184 1185 1187 1198 1226 1231
1184 5 1183 1185 1200 1206 1231
1185 14 909 952 1004 1016 1018 1183 1184 1186 1187 1188 1202 1206 1210 1227
1186 2 1185 1188
1187 5 1004 1007 1183 1185 1226
1188 4 952 1185 1186 1210
1189 3 1213 1216 1221
1190 3 1192 1204 1232
1191 4 1207 1221 1228 1232
1192 9 1190 1195 1201 1205 1206 1208 1218 1220 1232
1193 3 1194 1209 1214
1194 4 1193 1209 1215 1416
1195 8 1192 1196 1201 1206 1207 1209 1217 1232
1196 3 1195 1209 1217
1197 1 1212
1198 5 1183 1205 1206 1226 1231
1199 1 1230
1200 2 1184 1231
1201 3 1192 1195 1206
1202 4 941 1185 1210 1227
1203 1 1226
1204 3 1190 1223 1232
1205 5 1192 1198 1206 1218 1226
1206 10 909 1184 1185 1192 1195 1198 1201 1205 1217 1231
1207 6 1191 1195 1209 1211 1228 1232
1208 3 1192 1218 1220
1209 8 1193 1194 1195 1196 1207 1211 1214 1217
1210 5 941 952 1185 1188 1202
1211 3 1207 1209 1229
1212 3 1197 1230 1244
1213 2 1189 1216
1214 4 1193 1209 1217 1222
1215 3 1194 1219 1229
1216 2 1189 1213
1217 7 909 1195 1196 1206 1209 1214 1222
1218 5 1192 1205 1208 1220 1226
1219 2 1215 1229
1220 4 1192 1208 1218 1226
1221 3 1189 1191 1228
1222 2 1214 1217
1223 1 1204
1224 4 1225 1228 1229 1230
1225 3 1224 1228 1230
1226 10 1004 1007 1017 1183 1187 1198 1203 1205 1218 1220
1227 5 941 942 1018 1185 1202
1228 6 1191 1207 1221 1224 1225 1229
1229 5 1211 1215 1219 1224 1228
1230 4 1199 1212 1224 1225
1231 5 1183 1184 1198 1200 1206
1232 6 1190 1191 1192 1195 1204 1207
1233 4 1234 1236 1237 1256
1234 4 1233 1237 1248 1256
1235 3 1236 1238 1259
1236 6 1233 1235 1237 1238 1248 1256
1237 3 1233 1234 1236
1238 3 1235 1236 1260
1239 1 1240
1240 4 1239 1243 1246 1257
1241 1 1258
1242 3 1243 1248 1254
1243 6 1240 1242 1246 1248 1254 1257
1244 3 1212 1253 1261
1245 3 1251 1252 1260
1246 2 1240 1243
1247 0
1248 5 1234 1236 1242 1243 1256
1249 3 1250 1253 1261
1250 1 1249
1251 2 1245 1259
1252 3 1245 1441 1445
1253 3 1244 1249 1261
1254 3 1242 1243 1257
1255 1 1260
1256 4 1233 1234 1236 1248
1257 3 1240 1243 1254
1258 1 1241
1259 2 1235 1251
1260 3 1238 1245 1255
1261 3 1244 1249 1253
1262 1 1321
1263 6 1264 1294 1299 1333 1337 1394
1264 9 1263 1269 1283 1294 1299 1305 1333 1335 1337
1265 4 1326 1347 1348 1366
1266 7 1274 1280 1311 1355 1361 1371 1374
1267 4 1274 1280 1302 1303
1268 6 950 1273 1325 1326 1364 1365
1269 4 1264 1283 1287 1305
1270 5 1271 1273 1329 1330 1346
1271 4 1270 1273 1326 1346
1272 2 1275 1308
1273 9 950 1268 1270 1271 1277 1323 1324 1326 1329
1274 9 1266 1267 1280 1302 1316 1341 1371 1372 1373
1275 5 1272 1308 1310 1318 1320
1276 8 1284 1319 1328 1339 1342 1343 1362 1363
1277 2 1273 1323
1278 5 1300 1309 1313 1341 1373
1279 4 1297 1329 1330 1331
1280 6 1266 1267 1274 1282 1303 1311
1281 3 1310 1320 1321
1282 8 1280 1303 1305 1311 1319 1339 1340 1344
1283 7 1264 1269 1286 1287 1332 1333 1335
1284 9 1098 1102 1110 1276 1289 1290 1322 1328 1342
1285 3 1286 1287 1308
1286 4 1283 1285 1287 1308
1287 4 1269 1283 1285 1286
1288 2 1307 1320
1289 4 1284 1290 1319 1328
1290 8 1102 1116 1284 1289 1292 1310 1319 1321
1291 5 950 1097 1110 1322 1325
1292 6 1106 1111 1116 1290 1306 1321
1293 7 1326 1330 1331 1346 1376 1386 1399
1294 12 1263 1264 1295 1299 1304 1309 1314 1317 1327 1341 1345 1394
1295 6 1294 1299 1304 1315 1340 1345
1296 3 1301 1313 1370
1297 3 1279 1329 1330
1298 3 1311 1339 1361
1299 6 1263 1264 1294 1295 1304 1305
1300 7 1278 1309 1314 1326 1369 1402 1418
1301 7 1296 1313 1355 1370 1371 1372 1373
1302 6 1267 1274 1303 1315 1316 1340
1303 5 1267 1280 1282 1302 1340
1304 3 1294 1295 1299
1305 7 1264 1269 1282 1299 1308 1312 1344
1306 6 1106 1111 1117 1292 1307 1321
1307 4 1117 1288 1306 1320
1308 10 1272 1275 1285 1286 1305 1312 1318 1320 1334 1338
1309 5 1278 1294 1300 1314 1341
1310 7 1275 1281 1290 1318 1319 1320 1321
1311 6 1266 1280 1282 1298 1339 1361
1312 4 1305 1308 1318 1344
1313 6 1278 1296 1301 1368 1370 1373
1314 5 1294 1300 1309 1327 1402
1315 5 1295 1302 1316 1340 1345
1316 5 1274 1302 1315 1341 1345
1317 2 1294 1327
1318 6 1275 1308 1310 1312 1319 1344
1319 9 1276 1282 1289 1290 1310 1318 1328 1339 1344
1320 7 1275 1281 1288 1307 1308 1310 1338
1321 6 1262 1281 1290 1292 1306 1310
1322 5 1110 1284 1291 1325 1342
1323 7 921 923 950 959 1273 1277 1324
1324 6 921 922 941 1273 1323 1329
1325 5 950 1268 1291 1322 1342
1326 14 1265 1268 1271 1273 1293 1300 1346 1348 1352 1356 1364 1366 1367 1369
1327 7 1294 1314 1317 1375 1394 1402 1412
1328 4 1276 1284 1289 1319
1329 7 941 1270 1273 1279 1297 1324 1330
1330 7 1270 1279 1293 1297 1329 1331 1346
1331 5 1279 1293 1330 1346 1386
1332 4 1283 1335 1336 1400
1333 5 1263 1264 1283 1335 1337
1334 2 1308 1338
1335 7 1264 1283 1332 1333 1337 1390 1394
1336 2 1332 1390
1337 5 1263 1264 1333 1335 1394
1338 3 1308 1320 1334
1339 5 1276 1282 1298 1311 1319
1340 5 1282 1295 1302 1303 1315
1341 7 1274 1278 1294 1309 1316 1345 1373
1342 5 1276 1284 1322 1325 1343
1343 5 1276 1342 1357 1362 1365
1344 5 1282 1305 1312 1318 1319
1345 5 1294 1295 1315 1316 1341
1346 6 1270 1271 1293 1326 1330 1331
1347 7 1265 1348 1349 1350 1352 1353 1366
1348 4 1265 1326 1347 1352
1349 6 1347 1353 1355 1359 1366 1370
1350 4 1347 1351 1352 1353
1351 4 1350 1352 1353 1354
1352 7 1326 1347 1348 1350 1351 1354 1356
1353 7 1347 1349 1350 1351 1354 1359 1360
1354 6 1351 1352 1353 1356 1358 1360
1355 7 1266 1301 1349 1359 1370 1371 1374
1356 7 1326 1352 1354 1357 1358 1364 1365
1357 5 1343 1356 1358 1362 1365
1358 5 1354 1356 1357 1360 1362
1359 5 1349 1353 1355 1360 1374
1360 8 1353 1354 1358 1359 1361 1362 1363 1374
1361 6 1266 1298 1311 1360 1363 1374
1362 6 1276 1343 1357 1358 1360 1363
1363 4 1276 1360 1361 1362
1364 4 1268 1326 1356 1365
1365 5 1268 1343 1356 1357 1364
1366 6 1265 1326 1347 1349 1367 1370
1367 5 1326 1366 1368 1369 1370
1368 4 1313 1367 1369 1370
1369 4 1300 1326 1367 1368
1370 8 1296 1301 1313 1349 1355 1366 1367 1368
1371 5 1266 1274 1301 1355 1372
1372 4 1274 1301 1371 1373
1373 6 1274 1278 1301 1313 1341 1372
1374 5 1266 1355 1359 1360 1361
1375 9 1327 1377 1380 1396 1402 1405 1406 1412 1418
1376 4 1293 1384 1386 1416
1377 4 1375 1380 1381 1406
1378 2 1405 1406
1379 3 1384 1393 1405
1380 7 1375 1377 1381 1391 1403 1406 1412
1381 4 1377 1380 1403 1406
1382 2 1383 1410
1383 7 1382 1387 1389 1395 1397 1408 1410
1384 7 1376 1379 1393 1396 1398 1399 1416
1385 1 1474
1386 3 1293 1331 1376
1387 3 1383 1405 1408
1388 3 1404 1413 1417
1389 3 1383 1397 1410
1390 5 1335 1336 1394 1400 1411
1391 7 1380 1394 1400 1401 1403 1411 1412
1392 4 1415 1479 1485 1487
1393 4 1379 1384 1396 1405
1394 9 1263 1294 1327 1335 1337 1390 1391 1411 1412
1395 3 1383 1404 1410
1396 8 1375 1384 1393 1399 1405 1414 1418 1419
1397 4 1383 1389 1405 1408
1398 4 1384 1413 1416 1417
1399 4 1293 1384 1396 1414
1400 5 1332 1390 1391 1401 1411
1401 3 1391 1400 1403
1402 5 1300 1314 1327 1375 1418
1403 4 1380 1381 1391 1401
1404 5 1388 1395 1410 1417 1433
1405 10 1375 1378 1379 1387 1393 1396 1397 1406 1407 1408
1406 7 1375 1377 1378 1380 1381 1405 1407
1407 2 1405 1406
1408 4 1383 1387 1397 1405
1409 1 1474
1410 6 1382 1383 1389 1395 1404 1433
1411 4 1390 1391 1394 1400
1412 5 1327 1375 1380 1391 1394
1413 4 1388 1398 1416 1417
1414 3 1396 1399 1419
1415 1 1392
1416 5 1194 1376 1384 1398 1413
1417 4 1388 1398 1404 1413
1418 5 1300 1375 1396 1402 1419
1419 3 1396 1414 1418
1420 5 1421 1422 1424 1448 1465
1421 4 1420 1422 1424 1461
1422 8 1420 1421 1425 1428 1431 1451 1461 1463
1423 2 1426 1473
1424 7 1420 1421 1434 1448 1457 1461 1466
1425 4 1422 1460 1461 1463
1426 2 1423 1454
1427 3 1441 1446 1449
1428 5 1422 1429 1451 1455 1463
1429 4 1428 1430 1439 1455
1430 2 1429 1439
1431 1 1422
1432 0
1433 7 1404 1410 1440 1443 1453 1462 1467
1434 3 1424 1448 1462
1435 2 1458 1486
1436 6 1446 1448 1449 1452 1465 1469
1437 2 1455 1459
1438 3 1441 1442 1445
1439 4 1429 1430 1454 1455
1440 2 1433 1462
1441 5 1252 1427 1438 1449 1468
1442 5 1438 1445 1450 1464 1472
1443 4 1433 1453 1462 1467
1444 2 1458 1472
1445 4 1252 1438 1442 1464
1446 3 1427 1436 1449
1447 3 1450 1458 1472
1448 5 1420 1424 1434 1436 1465
1449 6 1427 1436 1441 1446 1468 1469
1450 4 1442 1447 1464 1472
1451 3 1422 1428 1468
1452 4 1436 1465 1468 1469
1453 4 1433 1443 1462 1467
1454 2 1426 1439
1455 5 1428 1429 1437 1439 1459
1456 1 1466
1457 5 1424 1460 1461 1466 1471
1458 5 1435 1444 1447 1470 1472
1459 3 1437 1455 1470
1460 5 1425 1457 1461 1463 1471
1461 6 1421 1422 1424 1425 1457 1460
1462 5 1433 1434 1440 1443 1453
1463 4 1422 1425 1428 1460
1464 3 1442 1445 1450
1465 4 1420 1436 1448 1452
1466 4 1424 1456 1457 1471
1467 3 1433 1443 1453
1468 5 1441 1449 1451 1452 1469
1469 4 1436 1449 1452 1468
1470 2 1458 1459
1471 3 1457 1460 1466
1472 5 1442 1444 1447 1450 1458
1473 3 1423 1475 1480
1474 3 1385 1409 1482
1475 2 1473 1480
1476 1 1478
1477 1 1480
1478 1 1476
1479 3 1392 1484 1485
1480 3 1473 1475 1477
1481 0
1482 1 1474
1483 1 1485
1484 2 1479 1485
1485 5 1392 1479 1483 1484 1487
1486 1 1435
1487 2 1392 1485
1488 1 1493
1489 1 1492
1490 2 1491 1494
1491 2 1490 1494
1492 1 1489
1493 1 1488
1494 2 1490 1491
